0000

4 3 2 1 1 2 2 2 4 3 2 1 1 2 2 -1
4 3 2 1 1 2 2 2 4 3 2 1 1 2 2
4 3 2 1 2 2 2 2 4 3 2 1 1 2 2 2
4 2 2 1 1 2 3 3 4 2 2 1 1 2 3 3 4
4 2 2 1 1 2 3 3 4 2 2 1 1 2 3
4 4 4 4 4 4 4 4 4 4 4 4 4 4 4 4
4 2 2 1 1 A 3 3 4 2 2 1 1 2 3 3
4 2 2 1 1 5 3 3 4 2 2 1 1 2 3 3
4 2 2 1 1 0 3 3 4 2 2 1 1 2 3 3
4 2 2 1 1 42 3 3 4 2 2 1 1 2 3 3
4 2 2 1   1 2 3 3 4 2 2 1 1 2 3
      1 2 1 3 2 4 2 1 2 1 2 4 2
2 33333333333333333333333333 2 1 2 1 2 3 2 2 1 2 1 2 4 3
2 2 1 2 1 2 4 3 2 3 2 1 2 1 5 3
1322213213322213
1 3  2 2 2 1 3 2 1 3 3 2 2 2 1 3
1 3 2 2 2 1 3 2 1 3 3 2 2 21 3
1 3 2 2 2 a 3 2 1 3 3 2 2 2 1 3
1 3 2 2 2 1 3 2 1 ] 3 2 2 2 1 3
1 2 3 2 2 1 2 3 1 4 2 2 4 1 2 2 1
1 2 3 2 2 1 2 3 0 4 2 2 4 1 2 2
-2147483649 2 3 2 2 1 2 3 0 4 2 2 4 1 2 2
1 2 2 2 -4 1 2 3 1 2 2 2 4 1 2 3
a b c d e f g h i j k l m n o p

